LEVEL=1
XP=10
SPEED=150
INTEL=1
CD1=-0.004041
CD2=-0.008340
CD3=0.000000
